Cap=   [60;60;60;60;60;60;60;60;60;60;60;60;60;60;60];
Pcarga=7; 